# FSubordinationRecord dump, Cache.Bin offsets 0x377d8..0x38e28 (0x1c=28 bytes/row)
# columns: cache_offset RepresentIndex SubordinationSort SubordinationIndex HighGroup MiddleGroup LowGroup DetailGroup
0x377d8 21100101 0 0 1 3 0 0
0x377f4 21200101 0 0 1 3 0 0
0x37810 21200201 0 0 1 3 0 0
0x3782c 21200301 0 0 1 3 0 0
0x37848 21200401 0 0 1 3 0 0
0x37864 21200501 0 0 1 3 0 0
0x37880 21300101 0 0 1 5 0 0
0x3789c 21300201 0 0 1 5 0 0
0x378b8 21300301 0 0 1 5 0 0
0x378d4 21500101 0 0 1 3 0 0
0x378f0 22100101 0 0 1 1 0 0
0x3790c 22100201 0 0 1 1 0 0
0x37928 22100301 0 0 1 1 0 0
0x37944 22200101 0 0 1 1 0 0
0x37960 22200201 0 0 1 5 0 0
0x3797c 22200301 0 0 1 1 0 0
0x37998 22300201 0 0 1 1 0 0
0x379b4 22500101 0 0 1 1 0 0
0x379d0 22600101 0 0 1 1 0 0
0x379ec 23100201 0 0 1 3 0 0
0x37a08 23200101 0 0 1 3 0 0
0x37a24 23200201 0 0 1 3 0 0
0x37a40 24100101 0 0 1 4 0 0
0x37a5c 24100201 0 0 1 4 0 0
0x37a78 24100301 0 0 1 4 0 0
0x37a94 24100501 0 0 1 4 0 0
0x37ab0 24300101 0 0 1 4 0 0
0x37acc 25100101 0 0 1 5 0 0
0x37ae8 25200101 0 0 1 5 0 0
0x37b04 25300101 0 0 1 6 0 0
0x37b20 25300201 0 0 1 6 0 0
0x37b3c 25300301 0 0 1 6 0 0
0x37b58 25300401 0 0 1 6 0 0
0x37b74 25300501 0 0 1 6 0 0
0x37b90 26300101 0 0 1 2 0 0
0x37bac 26300201 0 0 1 2 0 0
0x37bc8 26500101 0 0 1 2 0 0
0x37be4 26500201 0 0 1 2 0 0
0x37c00 26500301 0 0 1 2 0 0
0x37c1c 28100101 0 0 1 7 0 0
0x37c38 28200101 0 0 1 7 0 0
0x37c54 28200201 0 0 1 7 0 0
0x37c70 28200301 0 0 1 7 0 0
0x37c8c 28300101 0 0 1 8 0 0
0x37ca8 28300201 0 0 1 8 0 0
0x37cc4 28300301 0 0 1 8 0 0
0x37ce0 28400101 0 0 1 7 0 0
0x37cfc 31100101 0 0 1 1 0 0
0x37d18 31100101 0 0 1 2 0 0
0x37d34 31100101 0 0 1 3 0 0
0x37d50 31100101 0 0 1 4 0 0
0x37d6c 31100101 0 0 1 5 0 0
0x37d88 31100101 0 0 1 6 0 0
0x37da4 31100101 0 0 1 7 0 0
0x37dc0 31100101 0 0 1 8 0 0
0x37ddc 31100201 0 0 1 1 0 0
0x37df8 31100201 0 0 1 2 0 0
0x37e14 31100201 0 0 1 3 0 0
0x37e30 31100201 0 0 1 4 0 0
0x37e4c 31100201 0 0 1 5 0 0
0x37e68 31100201 0 0 1 6 0 0
0x37e84 31100201 0 0 1 7 0 0
0x37ea0 31100201 0 0 1 8 0 0
0x37ebc 32100101 0 0 1 1 0 0
0x37ed8 32100101 0 0 1 2 0 0
0x37ef4 32100101 0 0 1 3 0 0
0x37f10 32100101 0 0 1 4 0 0
0x37f2c 32100101 0 0 1 5 0 0
0x37f48 32100101 0 0 1 6 0 0
0x37f64 32100101 0 0 1 7 0 0
0x37f80 32100101 0 0 1 8 0 0
0x37f9c 32100201 0 0 1 1 0 0
0x37fb8 32100201 0 0 1 2 0 0
0x37fd4 32100201 0 0 1 3 0 0
0x37ff0 32100201 0 0 1 4 0 0
0x3800c 32100201 0 0 1 5 0 0
0x38028 32100201 0 0 1 6 0 0
0x38044 32100201 0 0 1 7 0 0
0x38060 32100201 0 0 1 8 0 0
0x3807c 33100101 0 0 1 1 0 0
0x38098 33100101 0 0 1 2 0 0
0x380b4 33100101 0 0 1 3 0 0
0x380d0 33100101 0 0 1 4 0 0
0x380ec 33100101 0 0 1 5 0 0
0x38108 33100101 0 0 1 6 0 0
0x38124 33100101 0 0 1 7 0 0
0x38140 33100101 0 0 1 8 0 0
0x3815c 33300101 0 0 1 1 0 0
0x38178 33300101 0 0 1 2 0 0
0x38194 33300101 0 0 1 3 0 0
0x381b0 33300101 0 0 1 4 0 0
0x381cc 33300101 0 0 1 5 0 0
0x381e8 33300101 0 0 1 6 0 0
0x38204 33300101 0 0 1 7 0 0
0x38220 33300101 0 0 1 8 0 0
0x3823c 33300201 0 0 1 1 0 0
0x38258 33300201 0 0 1 2 0 0
0x38274 33300201 0 0 1 3 0 0
0x38290 33300201 0 0 1 4 0 0
0x382ac 33300201 0 0 1 5 0 0
0x382c8 33300201 0 0 1 6 0 0
0x382e4 33300201 0 0 1 7 0 0
0x38300 33300201 0 0 1 8 0 0
0x3831c 33300301 0 0 1 3 0 0
0x38338 33300401 0 0 1 1 0 0
0x38354 33300401 0 0 1 2 0 0
0x38370 33300401 0 0 1 3 0 0
0x3838c 33300401 0 0 1 4 0 0
0x383a8 33300401 0 0 1 5 0 0
0x383c4 33300401 0 0 1 6 0 0
0x383e0 33300401 0 0 1 7 0 0
0x383fc 33300401 0 0 1 8 0 0
0x38418 33500101 0 0 1 1 0 0
0x38434 33500101 0 0 1 2 0 0
0x38450 33500101 0 0 1 3 0 0
0x3846c 33500101 0 0 1 4 0 0
0x38488 33500101 0 0 1 5 0 0
0x384a4 33500101 0 0 1 6 0 0
0x384c0 33500101 0 0 1 7 0 0
0x384dc 33500101 0 0 1 8 0 0
0x384f8 33500201 0 0 1 3 0 0
0x38514 33800101 0 0 1 1 0 0
0x38530 33800101 0 0 1 2 0 0
0x3854c 33800101 0 0 1 3 0 0
0x38568 33800101 0 0 1 4 0 0
0x38584 33800101 0 0 1 5 0 0
0x385a0 33800101 0 0 1 6 0 0
0x385bc 33800101 0 0 1 7 0 0
0x385d8 33800101 0 0 1 8 0 0
0x385f4 33800201 0 0 1 1 0 0
0x38610 33800201 0 0 1 2 0 0
0x3862c 33800201 0 0 1 3 0 0
0x38648 33800201 0 0 1 4 0 0
0x38664 33800201 0 0 1 5 0 0
0x38680 33800201 0 0 1 6 0 0
0x3869c 33800201 0 0 1 7 0 0
0x386b8 33800201 0 0 1 8 0 0
0x386d4 35100101 0 0 1 1 0 0
0x386f0 35100101 0 0 1 2 0 0
0x3870c 35100101 0 0 1 3 0 0
0x38728 35100101 0 0 1 4 0 0
0x38744 35100101 0 0 1 5 0 0
0x38760 35100101 0 0 1 6 0 0
0x3877c 35100101 0 0 1 7 0 0
0x38798 35100101 0 0 1 8 0 0
0x387b4 35100201 0 0 1 1 0 0
0x387d0 35100201 0 0 1 2 0 0
0x387ec 35100201 0 0 1 3 0 0
0x38808 35100201 0 0 1 4 0 0
0x38824 35100201 0 0 1 5 0 0
0x38840 35100201 0 0 1 6 0 0
0x3885c 35100201 0 0 1 7 0 0
0x38878 35100201 0 0 1 8 0 0
0x38894 38500101 0 0 1 6 0 0
0x388b0 38500201 0 0 1 6 0 0
0x388cc 38500301 0 0 1 6 0 0
0x388e8 38500401 0 0 1 6 0 0
0x38904 39100101 0 0 1 8 0 0
0x38920 39400101 0 0 1 1 0 0
0x3893c 39400101 0 0 1 2 0 0
0x38958 39400101 0 0 1 3 0 0
0x38974 39400101 0 0 1 4 0 0
0x38990 39400101 0 0 1 5 0 0
0x389ac 39400101 0 0 1 6 0 0
0x389c8 39400101 0 0 1 7 0 0
0x389e4 39400101 0 0 1 8 0 0
0x38a00 39500101 0 0 1 1 0 0
0x38a1c 39500101 0 0 1 2 0 0
0x38a38 39500101 0 0 1 3 0 0
0x38a54 39500101 0 0 1 4 0 0
0x38a70 39500101 0 0 1 5 0 0
0x38a8c 39500101 0 0 1 6 0 0
0x38aa8 39500101 0 0 1 7 0 0
0x38ac4 39500101 0 0 1 8 0 0
0x38ae0 39700101 0 0 1 8 0 0
0x38afc 41100101 0 0 1 1 0 0
0x38b18 41100101 0 0 1 2 0 0
0x38b34 41100101 0 0 1 3 0 0
0x38b50 41100101 0 0 1 8 0 0
0x38b6c 41200101 0 0 1 1 0 0
0x38b88 41200101 0 0 1 2 0 0
0x38ba4 41200101 0 0 1 3 0 0
0x38bc0 41200101 0 0 1 8 0 0
0x38bdc 41200201 0 0 1 1 0 0
0x38bf8 41200201 0 0 1 2 0 0
0x38c14 41200201 0 0 1 3 0 0
0x38c30 41200201 0 0 1 8 0 0
0x38c4c 41300101 0 0 1 1 0 0
0x38c68 41300101 0 0 1 2 0 0
0x38c84 41300101 0 0 1 3 0 0
0x38ca0 41300101 0 0 1 8 0 0
0x38cbc 42100101 0 0 1 7 0 0
0x38cd8 43100101 0 0 1 6 0 0
0x38cf4 43100201 0 0 1 6 0 0
0x38d10 61100101 1 12100101 0 0 0 0
0x38d2c 61100201 1 11200101 0 0 0 0
0x38d48 61100301 1 12200101 0 0 0 0
0x38d64 61100401 1 13200101 0 0 0 0
0x38d80 61100501 1 14300101 0 0 0 0
0x38d9c 61100601 1 15300101 0 0 0 0
0x38db8 61100701 1 16300101 0 0 0 0
0x38dd4 61100801 1 17200101 0 0 0 0
0x38df0 61100901 1 18200101 0 0 0 0
0x38e0c 61101001 1 11100101 0 0 0 0

# Mech 11100101 own record (GameItemRecord prefix, offsets per Engine.dll 0x1032d090):
0x2294 ItemIndex,RepresentIndex,HighGroup,MiddleGroup,LowGroup,DetailGroup = (11100101, 11100101, 1, 1, 1, 1)

# Spot-check of candidate weapons' OWN GameItemRecord HighGroup/MiddleGroup:
0x7c4d 22100101 main-weapon default ItemIndex,RepresentIndex,HighGroup,MiddleGroup,LowGroup,DetailGroup = (22100101, 22100101, 2, 2, 1, 0)
0x11a05 32100101 sub-weapon-left default ItemIndex,RepresentIndex,HighGroup,MiddleGroup,LowGroup,DetailGroup = (32100101, 32100101, 3, 2, 1, 0)
0x11395 31100101 sub-weapon-right default ItemIndex,RepresentIndex,HighGroup,MiddleGroup,LowGroup,DetailGroup = (31100101, 31100101, 3, 1, 1, 0)
0x160d5 41100101 booster default ItemIndex,RepresentIndex,HighGroup,MiddleGroup,LowGroup,DetailGroup = (41100101, 41100101, 4, 1, 1, 0)
